allElites <-
list(c(4, 1, 3), c(4, 10), c(4, 10, 18, 15), c(4, 23, 18, 10), 
    c(4, 23, 10), c(4, 23, 10, 34), c(4, 23, 10, 35))
