allElites <-
list(c(3, 7, 8, 4), c(4, 7, 3, 8), c(4, 3, 7, 8), c(28, 3, 4, 
29), c(3, 28, 4, 29), c(3, 28, 4, 29), c(3, 28, 4, 29))
