allElites <-
list(c(5, 1, 3, 4), c(1, 11, 5, 3), c(1, 11, 5, 16), c(24, 11, 
21, 1), c(11, 24, 1, 21), c(24, 11, 21, 1), c(24, 11, 1, 21))
