allElites <-
list(c(6, 5, 4, 1), c(10, 6, 13, 5), c(13, 20, 5, 10), c(10, 
20, 13, 5), c(20, 10, 5, 13), c(5, 10, 20, 13), c(10, 20, 5, 
13))
