allElites <-
list(c(7, 2, 4, 5), c(12, 7, 2, 4), c(18, 4, 19, 7), c(19, 7, 
18, 4), c(7, 4, 18, 19), c(4, 7, 19, 18), c(7, 4, 19, 18))
