allElites <-
list(c(5, 6, 4), c(9, 5, 11, 4), c(9, 5, 11, 4), c(9, 5, 22, 
11), c(9, 5, 22, 11), c(9, 5, 22, 11), c(9, 5, 22, 11))
