allElites <-
list(c(2, 1, 3, 7), c(14, 9, 2, 12), c(14, 9, 2, 12), c(14, 9, 
2, 29), c(14, 9, 29, 2), c(14, 34, 9, 29), c(14, 34, 9, 29))
