allElites <-
list(c(7, 2, 8, 5), c(7, 13, 2, 14), c(7, 19, 20, 2), c(7, 19, 
20, 2), c(7, 19, 20, 2), c(7, 19, 2, 20), c(7, 19, 20, 2))
