allElites <-
list(c(3, 6, 1, 4), c(3, 12, 6), c(3, 17, 15, 12), c(26, 3, 17, 
15), c(26, 3, 32, 17), c(3, 26, 32, 17), c(26, 3, 32, 17))
