allElites <-
list(c(6, 4, 7, 3), c(9, 6, 7, 4), c(9, 6, 7, 4), c(21, 6, 9, 
4), c(21, 9, 6, 4), c(21, 9, 6, 4), c(21, 9, 6, 4))
